examples/project_one/data.txt
ncols         103
nrows         117
xllcorner     592989
yllcorner     125705.5
cellsize      25
NODATA_value  -9999
[rows 30 to 59 of 117, columns 0 to 66 of 103]
-9999 -9999 -9999 -9999 -9999 -9999 -9999 -9999 -9999 -9999 -9999 -9999 2619.82 2602.98 2586 2567.73 2545.3 2524.42 2500.19 2475.01 2454.91 2436.84 2419.58 2412.77 2397.13 2381.51 2371.37 2359.07 2338.39 2323.47 2312.21 2303.45 2296.19 2287.76 2277.21 2266.57 2255.43 2247.97 2238.55 2228.43 2220.29 2212.87 2204.59 2196.41 2185.09 2176.92 2171.52 2160.61 2147.09 2132.83 2117.48 2104.55 2090.43 2077.73 2062.28 2050.07 2038.27 2029.61 2017.87 2007.33 1994.81 1981.28 1968.99 1961.37 1954.43 1945.9 1935.39
-9999 -9999 -9999 -9999 -9999 -9999 -9999 -9999 -9999 -9999 -9999 2628.24 2607.42 2585.65 2566.15 2545.97 2533.35 2519.25 2484.52 2464.77 2444.41 2428.34 2411.51 2397.25 2386.16 2374.28 2357.19 2349.61 2335.06 2316.42 2301.91 2292.48 2285.76 2279.92 2270.45 2259.75 2245.37 2235.7 2226.97 2221.92 2209.28 2205.85 2197.1 2191.28 2181.06 2167.96 2159.46 2152.75 2140.42 2128.3 2115.28 2102.84 2089.95 2078.22 2065.1 2050.16 2038 2025.37 2013.96 2001.97 1990.82 1979.3 1967.27 1958.73 1952.98 1943.7 1936.27
-9999 -9999 -9999 -9999 -9999 -9999 -9999 -9999 -9999 -9999 -9999 2612.12 2592.49 2574.36 2556.05 2537.57 2519.04 2496.73 2478.47 2454.7 2434.43 2416.96 2399.95 2383.81 2369.34 2359.93 2348.2 2332.62 2321.36 2304.39 2290.99 2281.91 2273.49 2267.7 2260.57 2249.6 2234.51 2225.02 2215.65 2206.26 2198.39 2194.37 2187.1 2181.77 2174.01 2160.58 2148.93 2140.39 2132.94 2122.83 2111.35 2104.13 2087.26 2077.34 2065.77 2052.11 2039.01 2025.61 2011.4 1998.76 1988.08 1977.74 1965.51 1956.6 1949.95 1942.32 1933.51
-9999 -9999 -9999 -9999 -9999 -9999 -9999 -9999 -9999 -9999 2623.15 2601.33 2580.68 2562.12 2542.88 2526.16 2506.96 2489.55 2465.33 2447.86 2428.02 2408.64 2388.3 2370.91 2353 2339.07 2335.52 2322.28 2305.48 2294.27 2278.68 2270.07 2261.9 2254.46 2248.7 2241.85 2226.35 2215.6 2206.41 2198.23 2187.39 2178.96 2175.23 2173.53 2167.58 2153.11 2138.29 2129.34 2119.79 2115.2 2106.68 2096.7 2083.99 2073.64 2062.63 2049.4 2036.07 2023.02 2007.23 1994.72 1985.47 1974.2 1963.74 1954.06 1946.96 1938.79 1929.22
-9999 -9999 -9999 -9999 -9999 -9999 -9999 -9999 -9999 -9999 2607.17 2591.21 2569.46 2551.45 2532.7 2516.15 2495.3 2477.43 2457.33 2441.09 2419.44 2398.88 2376.18 2360.1 2341.07 2326.15 2316.64 2310.35 2294.21 2278.28 2266.29 2255.76 2248.61 2240.4 2235.85 2228.59 2220.37 2206.36 2195.85 2188.14 2179.76 2171.45 2161.94 2156.95 2152.75 2140.85 2127.86 2117.35 2108.89 2099.19 2094.66 2089.67 2079.25 2067.79 2056.26 2045.68 2031.48 2018.16 2001.68 1989.14 1979.82 1969.36 1958.15 1950.14 1943.61 1935.48 1926.35
-9999 -9999 -9999 -9999 -9999 -9999 -9999 -9999 -9999 -9999 2600.39 2579.11 2565.33 2546.64 2522.31 2504.69 2485.7 2469.29 2447.8 2430.13 2412.8 2399.02 2378.3 2355.56 2333.83 2318.79 2306.14 2292.64 2282.14 2268.81 2255.55 2244.82 2234.59 2228.57 2223.88 2217.63 2208.7 2200.87 2186.92 2179 2169.53 2161.6 2154.03 2144.83 2134.85 2125.97 2113.72 2105.86 2098.83 2088.77 2078.57 2073.48 2068.64 2064.37 2050.99 2040.24 2027.3 2012.54 1995.58 1981.67 1973.15 1964.57 1955.15 1947.38 1940.19 1933.32 1923.42
-9999 -9999 -9999 -9999 -9999 -9999 -9999 -9999 -9999 2616.75 2600.09 2581.8 2554.49 2528.79 2506.88 2493.38 2472.28 2458.38 2441.01 2422.47 2401.41 2383.53 2366.85 2348.7 2326.44 2310.85 2296.53 2284.18 2272.02 2260.54 2247.4 2235.82 2224.6 2215.41 2210.42 2203.18 2196.3 2189.06 2176.9 2168.08 2159.03 2150.76 2143.97 2133.34 2123.57 2109.99 2098.94 2088.99 2084.18 2077.28 2067.43 2057.63 2050.17 2046.46 2044.44 2034.22 2021.65 2007.27 1989.86 1975.75 1966.14 1958.64 1952.56 1944.61 1938.6 1930.46 1919.67
-9999 -9999 -9999 -9999 -9999 -9999 -9999 -9999 -9999 2612.44 2595.27 2576.68 2555.26 2536.09 2505.79 2487.31 2463.31 2452.09 2434.47 2415.12 2399.29 2379.4 2357.9 2334.4 2315.06 2299.9 2286.73 2274.56 2262.37 2251.3 2239.64 2227.97 2216.23 2205.43 2197.81 2191.74 2184.02 2177.07 2169.16 2156.2 2148.38 2140.14 2133.1 2122.56 2109.55 2099.01 2087.08 2077.41 2068.6 2062.92 2055.63 2045.02 2036.31 2029.74 2027.99 2027.58 2015.67 2001.41 1986.17 1975.94 1964.26 1957.19 1949.85 1940.96 1930.33 1923.13 1913.57
-9999 -9999 -9999 -9999 -9999 -9999 -9999 -9999 -9999 2600.8 2593.55 2573.29 2552.48 2536.32 2516.43 2497.99 2466.6 2445.33 2423.37 2409.11 2382.2 2372.69 2350.84 2330.63 2307.89 2290.65 2279.37 2266.25 2252.54 2241.48 2230.06 2219.44 2208.31 2197.61 2186.11 2178.16 2172.36 2163.54 2156.08 2146.98 2135.58 2128.75 2121.85 2113.55 2099.61 2089.13 2076.37 2064.31 2053.74 2046.73 2040.54 2031.8 2022.65 2016.05 2012.02 2004.6 1998.49 1993.89 1983.97 1973.48 1963.37 1949.21 1934.02 1925.27 1916.3 1908.57 1902.45
-9999 -9999 -9999 -9999 -9999 -9999 -9999 -9999 -9999 2585.95 2591.95 2565.59 2545.7 2529.53 2512.05 2496.45 2468.39 2449.12 2425.61 2402.92 2384.58 2362.93 2338.84 2325.8 2304.85 2288.49 2268.81 2257.18 2244.83 2233.06 2221.52 2210.98 2199.88 2190.03 2179.36 2168.48 2157.71 2151.27 2143.55 2136.74 2126.9 2118.62 2112.03 2104.56 2092.18 2077.91 2062.75 2050.14 2039.47 2032.57 2026.27 2020.07 2012.02 2004.79 2000.23 1991.5 1980.88 1970.23 1964.27 1955.5 1949.07 1939.4 1922.55 1910.54 1903.94 1894.6 1887.82
-9999 -9999 -9999 -9999 -9999 -9999 -9999 -9999 -9999 2561.36 2591.21 2563.37 2542.26 2523.17 2505.18 2489.5 2469.68 2449.76 2429.13 2411.3 2385.29 2364.14 2343.21 2315.54 2293.63 2277.15 2259.15 2246.59 2234.58 2223.05 2212.05 2201.63 2190.32 2180.89 2170.74 2161.76 2149.61 2140.06 2130.73 2122.84 2117.37 2108.98 2103.06 2095.66 2081.94 2067.31 2054.95 2038.11 2020.45 2014.55 2011.59 2005.45 1999.11 1992.54 1986.04 1981.18 1967.16 1954.33 1944.61 1938.24 1928.09 1924.17 1911.3 1897.79 1887.36 1881.88 1870.19
-9999 -9999 -9999 -9999 -9999 -9999 -9999 -9999 -9999 2550.95 2585.6 2570.48 2542.04 2524.19 2505.64 2489.25 2472.47 2456.76 2437.64 2409.01 2385.16 2366.22 2345.35 2321.79 2297.22 2271.17 2255.1 2241.84 2228.68 2216.36 2203.96 2193.14 2182.06 2172.17 2162.54 2153.92 2143.38 2131.66 2121.83 2113.21 2105.63 2101.91 2095.01 2088.23 2076.8 2063.89 2042.76 2028.26 2013.23 1997.05 1994.43 1991.25 1985.13 1981.15 1972.61 1964.83 1955.45 1941.41 1932.07 1923.15 1914.13 1903.45 1899.19 1886.35 1873.29 1865.81 1854.29
-9999 -9999 -9999 -9999 -9999 -9999 -9999 -9999 2544.51 2541.59 2553.03 2558.6 2535.04 2517.34 2501.35 2485.87 2470.46 2454.8 2436.85 2420.26 2397.64 2372.89 2343.93 2321.77 2289.37 2269.47 2252.79 2239.1 2223.81 2211.07 2198.32 2187.63 2174.52 2163.33 2152.97 2144.54 2135.68 2124.77 2113.64 2103.41 2096.12 2088.73 2086.16 2078.98 2069.32 2055.94 2038.53 2022.6 2003.83 1987.97 1973.13 1967.83 1972.53 1964.54 1959.81 1950.58 1941.81 1930.24 1916.47 1907.25 1898.76 1889.5 1880.72 1871.88 1859.46 1850.24 1839.49
-9999 -9999 -9999 -9999 -9999 -9999 -9999 -9999 2539.24 2527.76 2537.82 2548.19 2527.16 2508.84 2492.66 2478.15 2462.25 2448.3 2435.64 2420.74 2401.29 2383.98 2348.62 2322.41 2295.9 2272.4 2253.7 2234.61 2220.03 2206.45 2192.6 2181.15 2169.02 2157.9 2146.36 2136.58 2126.44 2117.56 2105.67 2097.1 2081.67 2077.51 2075.16 2069.35 2061.89 2045.9 2031.75 2014.61 1995.68 1980.7 1963.29 1948.18 1960.04 1950.65 1944.95 1939.36 1927.21 1916.48 1903.84 1893.04 1883.69 1877.98 1867.23 1857.9 1845.97 1836.43 1826.61
-9999 -9999 -9999 -9999 -9999 -9999 -9999 2533.35 2526.69 2530.62 2549.08 2544.39 2520.49 2502.4 2483.58 2468.12 2443.15 2427.36 2416.21 2406.98 2394.25 2365.87 2344.08 2323.32 2298.8 2277.94 2254.85 2232.5 2215.66 2203.68 2190.08 2177.86 2164.17 2152.22 2140.5 2129.63 2117.18 2107.36 2097.52 2087.97 2077.43 2062.36 2061.69 2058.13 2054.48 2041.09 2021.61 2005.57 1989.94 1976.36 1959.81 1936.4 1934.83 1933.88 1924.68 1923.15 1916.26 1905.14 1893.57 1884.2 1873.4 1861.32 1852.35 1843.19 1832.66 1821.51 1813.39
-9999 -9999 -9999 -9999 -9999 -9999 -9999 2527.51 2532.1 2542.82 2557.11 2536.46 2514.86 2497.62 2479.39 2464.77 2448.06 2432.78 2402.5 2376.69 2358.06 2339.25 2320.98 2303.1 2287.64 2271.15 2249.86 2235.38 2220.2 2205.95 2190.84 2177.59 2163.13 2150.44 2136.35 2124.05 2110.56 2097.79 2088.2 2076.69 2066.98 2057.82 2042.7 2048.29 2044.53 2035.54 2019.73 2002.25 1984.66 1969.34 1954.31 1937.19 1910.24 1907.6 1908.55 1904.73 1904.35 1896.36 1882.92 1874.47 1862.66 1852.99 1841.51 1830.22 1820.86 1810.39 1800.56
-9999 -9999 -9999 -9999 -9999 -9999 2514.24 2509.44 2506.49 2520.38 2542.74 2529.11 2508.05 2492.01 2474.32 2458.5 2442.48 2426.61 2409.76 2393.53 2371.94 2351.43 2327.88 2305.23 2295.57 2279.36 2256.91 2236.43 2219.29 2206.83 2190.96 2175.76 2160.89 2147.65 2133.77 2121.24 2105.71 2092.11 2078.7 2067.37 2055.03 2046.08 2035.25 2027.28 2023.59 2018.26 2004.56 1992.01 1978.08 1964.84 1941.3 1922.7 1905.92 1890.63 1878.94 1880.62 1886.63 1885.94 1875.87 1861.65 1851.9 1843.11 1827.72 1820.62 1808.97 1799.96 1788.76
-9999 -9999 -9999 -9999 -9999 -9999 2470.9 2491.77 2488.2 2508.51 2535.69 2522.91 2502.9 2486.4 2468.74 2452.64 2435.72 2420.84 2404.71 2387.54 2365.89 2344.7 2338.34 2322.39 2299.7 2276.44 2257.2 2238.91 2218.03 2199.32 2183.71 2174.75 2159.69 2145.84 2131.18 2118.1 2103.1 2088.97 2074.89 2060.52 2047.55 2040.58 2022.44 2007.15 2000.81 2002.16 1992.46 1982.51 1966.48 1951.63 1938.51 1924.46 1906.93 1886.75 1870.41 1859.78 1870.05 1869.84 1865.48 1855.12 1841.78 1832.98 1822.61 1811.77 1799.76 1789.45 1777.41
-9999 -9999 -9999 -9999 -9999 -9999 2440.9 2459.54 2482.12 2504.81 2531.84 2515.01 2495.71 2479.61 2462.23 2446.14 2429.93 2415.23 2398.6 2383.66 2366.42 2350.87 2332.09 2314.24 2292.93 2273.86 2257.08 2246.97 2234.63 2217.65 2191.48 2171.18 2152.62 2140.32 2128.61 2115.42 2101.31 2089.01 2074.79 2060.39 2046.55 2028.42 2017.37 2005.89 1982.66 1975.23 1973.4 1966.45 1957.66 1942.6 1927.55 1915.9 1903.65 1890.29 1871.19 1854.85 1839.92 1849.9 1846.57 1842.49 1831.23 1821.57 1812.34 1802.89 1789.82 1780.29 1768.84
-9999 -9999 -9999 -9999 -9999 -9999 2445.53 2458.56 2487.99 2510.93 2525.11 2507.06 2488.26 2472.83 2456.03 2441.34 2425.27 2410.35 2394.37 2378.87 2361.96 2344.87 2324.65 2304.71 2285.52 2276.1 2262.28 2247.38 2232.83 2211.26 2190.68 2173.1 2154.94 2138.67 2124.07 2111.47 2098.11 2086.39 2073.25 2058.9 2044.3 2027.51 2008.3 1992.22 1973.83 1959.26 1953.6 1946.98 1941.43 1935.99 1920.59 1908.08 1895.76 1883.01 1871.7 1853.12 1835.58 1821.29 1826.26 1822.86 1819.14 1808.74 1801.01 1794 1782.54 1771.42 1760.98
-9999 -9999 -9999 -9999 -9999 -9999 2452.19 2468.43 2491.87 2509.35 2514.51 2498.51 2481.87 2466.18 2449.05 2434.47 2418.39 2404.52 2390.04 2374.5 2357.74 2341.48 2324.45 2307.39 2288.63 2271.24 2252.68 2235.8 2223.53 2212.5 2193.91 2171.86 2152.94 2138.06 2123.01 2112.41 2098.96 2084.74 2070.16 2058 2043.43 2027.91 2008.35 1991.37 1973.11 1957.68 1937.76 1926.27 1921.2 1918.66 1915.51 1902.35 1888.72 1877.88 1863.84 1846.56 1831.49 1816.84 1801.06 1800.44 1797.81 1793.24 1786.62 1780.8 1772.84 1762.59 1752.18
-9999 -9999 -9999 -9999 -9999 -9999 2458.4 2472.27 2487 2507.28 2503.72 2489.31 2474.86 2460.48 2444.15 2429.23 2412.59 2398.11 2383.09 2368.59 2353.11 2338.67 2322.81 2306.5 2288.19 2270.06 2251.47 2236.19 2218.96 2202.79 2185.51 2173.45 2154.69 2140.55 2124.87 2109.11 2093.2 2080.8 2066.46 2054.89 2041.47 2022.59 2004.34 1982.83 1965.18 1948.87 1931.33 1917.4 1905.72 1897.25 1896.87 1895.27 1885.64 1873.4 1855.21 1840 1824.1 1808.74 1797.33 1783.78 1779.39 1777.1 1770.53 1766.16 1760.92 1753.75 1744.81
-9999 -9999 -9999 -9999 -9999 -9999 2484.28 2490.47 2502.11 2510.8 2491 2473.51 2460.12 2453.14 2437.16 2423.89 2408.69 2394.43 2377.16 2360.28 2339.43 2331.72 2316.57 2300.72 2284.25 2267.73 2250.9 2235.52 2218.02 2202.27 2185.08 2169.48 2152.32 2137.96 2122.85 2109.33 2095.16 2083.03 2069.02 2055 2039.28 2024.87 2005.5 1988.5 1971.45 1955.85 1936.46 1917.96 1901.35 1883.82 1876.13 1872.87 1874.34 1864.47 1846.71 1830.37 1812.68 1798.17 1786.74 1778.6 1767.41 1759.74 1754.99 1750.73 1746.31 1741.74 1734.34
-9999 -9999 -9999 -9999 -9999 2471.49 2496.5 2496.22 2514.39 2501.62 2482.17 2463.25 2447.13 2434.82 2428.43 2414.12 2400.28 2388 2373.79 2358.04 2339.83 2320.92 2303.78 2291.5 2278.58 2264.38 2248.6 2233.92 2217.42 2201.85 2185.57 2168.92 2151.17 2136.25 2120.9 2106.99 2092.4 2079.09 2064.71 2051.22 2035.3 2021.75 2007.48 1991.55 1973.43 1954.8 1934.5 1917.83 1899.8 1885.9 1868.75 1856.44 1851.58 1850.5 1837.22 1822.21 1807.14 1791.23 1778.73 1769.94 1762.18 1752.5 1743.6 1738.63 1733.02 1729.43 1721.04
-9999 -9999 -9999 -9999 -9999 2457.91 2476.71 2478.28 2492.98 2492.39 2470.78 2453.69 2437.83 2427.72 2410.57 2400.45 2382.72 2378.52 2364.35 2355.68 2339.02 2320.72 2301.56 2284.36 2266.34 2254.18 2241.51 2228.16 2210.96 2192.95 2177.21 2163.39 2147.52 2131.66 2115.74 2103.06 2089.81 2077.2 2062.64 2048.11 2031.55 2014.33 1997.63 1982.29 1967.04 1953.01 1934.87 1917.19 1897.79 1882.31 1865.19 1852.18 1835.47 1830.65 1824.33 1815 1802.45 1789.27 1772.04 1760.67 1753.01 1746.19 1736.4 1728.5 1721.66 1714.41 1706.3
-9999 -9999 -9999 -9999 -9999 2437.21 2445.45 2469.03 2492.24 2487.97 2468.65 2451.05 2434.44 2417.33 2398.22 2384.51 2374.12 2360.15 2350.01 2343.27 2328.12 2314.94 2298.6 2281.32 2263.28 2248.15 2230.67 2219.31 2202.03 2186.49 2174.45 2155.72 2141.09 2127.78 2111.97 2098.79 2084.35 2071.05 2056.62 2040.8 2024.96 2011.46 1999.99 1983.52 1967.03 1952.02 1931.91 1914.72 1897.81 1882.22 1862.63 1848.94 1834.98 1822.29 1810.3 1804.22 1793.75 1782.62 1769.01 1756.81 1745.78 1738.84 1731.13 1722.35 1713.71 1706.83 1697.01
-9999 -9999 -9999 -9999 -9999 2416.77 2442.93 2468.07 2495.35 2487.68 2472.89 2454.36 2433.3 2415.08 2395.55 2377.78 2356.38 2344.15 2328.93 2321.46 2316.15 2300.37 2290.21 2276.07 2258.52 2243.75 2227.57 2209.02 2191.29 2176.59 2156.95 2143.07 2126.08 2112.53 2094.11 2081.88 2071.46 2056.55 2043.43 2029.38 2016.77 2003.6 1991.54 1981.6 1967.12 1953.3 1941.8 1929 1908.35 1888.9 1866.82 1849.45 1831.3 1818.07 1806.5 1794.49 1784.28 1776.33 1764.93 1753.44 1742.07 1733.13 1724.64 1717.03 1708.05 1700.73 1692.21
-9999 -9999 -9999 -9999 -9999 2421.04 2451.4 2475.28 2488.15 2480.29 2467.48 2454.32 2434.24 2412.07 2391.17 2372.6 2354.22 2334.72 2314.9 2303.38 2297.3 2291.02 2275.34 2265.57 2252.53 2236.39 2220.01 2206.04 2189.83 2175.11 2154.78 2135.92 2113.67 2097.84 2079.95 2064.27 2052.33 2041.97 2028.13 2015.88 2007.97 1996.14 1982.11 1971.65 1957.08 1942.96 1930.33 1918.64 1905.77 1891.94 1871.63 1852.91 1833.25 1816.07 1801.59 1790.84 1778.95 1769.27 1759.59 1750.75 1739.52 1729.97 1721.14 1712.81 1703.81 1695.76 1688.16
-9999 -9999 -9999 -9999 2409.48 2423.05 2447.03 2468.28 2483.43 2471.84 2456.73 2444.91 2428.51 2407.66 2388 2366.36 2347.88 2333.08 2313.27 2293.88 2278.04 2273.99 2262.62 2251.27 2239.17 2225.87 2202.63 2189.32 2173.54 2171.11 2156.1 2138.6 2117.92 2097.47 2075.59 2058.35 2037.64 2023.46 2013.24 2001.05 1992.88 1987.18 1977.13 1961.72 1948.1 1935.07 1920.36 1907.49 1894.31 1880.37 1865.77 1850.24 1833.25 1817.28 1799.46 1784.94 1773.93 1764.42 1753.37 1745.63 1736.27 1726.9 1718.2 1710.05 1700.46 1692.85 1683.86
-9999 -9999 -9999 -9999 2427.2 2443.33 2456.16 2475.28 2478.17 2463.74 2447.86 2435.01 2421.47 2409.18 2385.76 2367.62 2346.96 2328.11 2309.67 2295.31 2277.65 2258.12 2249.4 2239.62 2226.76 2214.34 2195.2 2177.87 2161.17 2148.93 2146.55 2136.24 2119.9 2099.86 2076.12 2054.67 2034.77 2015.85 2000.07 1986.88 1977.38 1970.99 1965.38 1958.9 1941.01 1925.06 1912.46 1900.12 1885.53 1872.01 1857.28 1843.94 1828.07 1813.87 1797.32 1782.6 1768.85 1759.78 1750.04 1741.16 1731.6 1723.47 1713.78 1705.49 1696.98 1688.9 1680.6
