examples/project_one/data.txt
ncols         103
nrows         117
xllcorner     592989
yllcorner     125705.5
cellsize      25
NODATA_value  -9999
[rows 0 to 29 of 117, columns 0 to 66 of 103]
-9999 -9999 -9999 -9999 -9999 -9999 -9999 -9999 -9999 -9999 -9999 -9999 -9999 -9999 -9999 -9999 -9999 -9999 -9999 -9999 -9999 -9999 -9999 -9999 -9999 2628.33 2592.64 2568.38 -9999 -9999 -9999 -9999 -9999 -9999 -9999 -9999 -9999 -9999 -9999 -9999 -9999 -9999 -9999 -9999 -9999 -9999 -9999 -9999 -9999 -9999 -9999 -9999 -9999 -9999 -9999 -9999 -9999 -9999 -9999 -9999 -9999 -9999 -9999 -9999 -9999 -9999 -9999
-9999 -9999 -9999 -9999 -9999 -9999 -9999 -9999 -9999 -9999 -9999 -9999 -9999 -9999 -9999 -9999 -9999 -9999 -9999 -9999 -9999 -9999 -9999 -9999 -9999 2615.7 2594.58 2581.46 2553.98 2486.61 -9999 -9999 -9999 -9999 -9999 -9999 -9999 -9999 -9999 -9999 -9999 -9999 -9999 -9999 -9999 -9999 -9999 -9999 -9999 -9999 -9999 -9999 -9999 -9999 -9999 -9999 -9999 -9999 -9999 -9999 -9999 -9999 -9999 -9999 -9999 -9999 -9999
-9999 -9999 -9999 -9999 -9999 -9999 -9999 -9999 -9999 -9999 -9999 -9999 -9999 -9999 -9999 -9999 -9999 -9999 -9999 -9999 -9999 -9999 -9999 -9999 2613.88 2596.59 2578.71 2563.08 2546.55 2517.68 2466.63 -9999 -9999 -9999 -9999 -9999 -9999 -9999 -9999 -9999 -9999 -9999 -9999 -9999 -9999 -9999 -9999 -9999 -9999 -9999 -9999 -9999 -9999 -9999 -9999 -9999 -9999 -9999 -9999 -9999 -9999 -9999 -9999 -9999 -9999 -9999 -9999
-9999 -9999 -9999 -9999 -9999 -9999 -9999 -9999 -9999 -9999 -9999 -9999 -9999 -9999 -9999 -9999 -9999 -9999 -9999 -9999 -9999 -9999 -9999 2616.55 2594.65 2575.49 2560.7 2541.55 2517.86 2505.89 2482.56 2463.11 -9999 -9999 -9999 -9999 -9999 -9999 -9999 -9999 -9999 -9999 -9999 -9999 -9999 -9999 -9999 -9999 -9999 -9999 -9999 -9999 -9999 -9999 -9999 -9999 -9999 -9999 -9999 -9999 -9999 -9999 -9999 -9999 -9999 -9999 -9999
-9999 -9999 -9999 -9999 -9999 -9999 -9999 -9999 -9999 -9999 -9999 -9999 -9999 -9999 -9999 -9999 -9999 -9999 -9999 -9999 -9999 -9999 2623.16 2597.13 2578.01 2561.58 2539.57 2518.8 2499.57 2484.73 2467.39 2447.27 2422.99 -9999 -9999 -9999 -9999 -9999 -9999 -9999 -9999 -9999 -9999 -9999 -9999 -9999 -9999 -9999 -9999 -9999 -9999 -9999 -9999 -9999 -9999 -9999 -9999 -9999 -9999 -9999 -9999 -9999 -9999 -9999 -9999 -9999 -9999
-9999 -9999 -9999 -9999 -9999 -9999 -9999 -9999 -9999 -9999 -9999 -9999 -9999 -9999 -9999 -9999 -9999 -9999 -9999 -9999 -9999 -9999 2613.35 2592.3 2567.5 2549.28 2529.54 2510.17 2490.6 2473.22 2454.31 2436.39 2417.28 2400.97 -9999 -9999 -9999 -9999 -9999 -9999 -9999 -9999 -9999 -9999 -9999 -9999 -9999 -9999 -9999 -9999 -9999 -9999 -9999 -9999 -9999 -9999 -9999 -9999 -9999 -9999 -9999 -9999 -9999 -9999 -9999 -9999 -9999
-9999 -9999 -9999 -9999 -9999 -9999 -9999 -9999 -9999 -9999 -9999 -9999 -9999 -9999 -9999 -9999 -9999 -9999 -9999 -9999 -9999 2649.36 2625.65 2607.25 2587.54 2573.71 2540.28 2515.18 2496.7 2480.28 2461 2444.12 2423.42 2404.97 2387.23 -9999 -9999 -9999 -9999 -9999 -9999 -9999 -9999 -9999 -9999 -9999 -9999 -9999 -9999 -9999 -9999 -9999 -9999 -9999 -9999 -9999 -9999 -9999 -9999 -9999 -9999 -9999 -9999 -9999 -9999 -9999 -9999
-9999 -9999 -9999 -9999 -9999 -9999 -9999 -9999 -9999 -9999 -9999 -9999 -9999 -9999 -9999 -9999 -9999 -9999 -9999 -9999 -9999 2650.35 2641.7 2619.83 2614.76 2592.56 2554.21 2529.22 2511.39 2496.98 2480.72 2461.91 2445.67 2419.46 2397.9 2378.55 -9999 -9999 -9999 -9999 -9999 -9999 -9999 -9999 -9999 -9999 -9999 -9999 -9999 -9999 -9999 -9999 -9999 -9999 -9999 -9999 -9999 -9999 -9999 -9999 -9999 -9999 -9999 -9999 -9999 -9999 -9999
-9999 -9999 -9999 -9999 -9999 -9999 -9999 -9999 -9999 -9999 -9999 -9999 -9999 -9999 -9999 -9999 -9999 -9999 -9999 -9999 2678 2676.46 2659.18 2644.02 2623.91 2604.92 2563.07 2545.41 2531.65 2522.88 2496.47 2472.61 2447.89 2427.18 2401.19 2384.37 2365.1 2353.16 2347.35 -9999 -9999 -9999 -9999 -9999 -9999 -9999 -9999 -9999 -9999 -9999 -9999 -9999 -9999 -9999 -9999 -9999 -9999 -9999 -9999 -9999 -9999 -9999 -9999 -9999 -9999 -9999 -9999
-9999 -9999 -9999 -9999 -9999 -9999 -9999 -9999 -9999 -9999 -9999 -9999 -9999 -9999 -9999 -9999 -9999 -9999 -9999 -9999 2685.82 2697.15 2674.43 2663.65 2644 2616.93 2590.13 2579.75 2561.77 2548.41 2527.72 2486.09 2463.5 2466.38 2442.96 2413.26 2386.15 2374.61 2358.27 2340.89 2332.51 2312.07 -9999 -9999 -9999 -9999 -9999 -9999 -9999 -9999 -9999 -9999 -9999 -9999 -9999 -9999 -9999 -9999 -9999 -9999 -9999 -9999 -9999 -9999 -9999 -9999 -9999
-9999 -9999 -9999 -9999 -9999 -9999 -9999 -9999 -9999 -9999 -9999 -9999 -9999 -9999 -9999 -9999 -9999 -9999 -9999 -9999 2691.42 2687.48 2673.12 2656.13 2646.76 2634.39 2619.31 2608.23 2595.77 2583.49 2529.47 2491.45 2507.06 2487.68 2465.06 2437.76 2411.59 2391.1 2371 2352.08 2330.33 2307.14 2279 2256.65 2235.67 -9999 -9999 -9999 -9999 -9999 -9999 -9999 -9999 -9999 -9999 -9999 -9999 -9999 -9999 -9999 -9999 -9999 -9999 -9999 -9999 -9999 -9999
-9999 -9999 -9999 -9999 -9999 -9999 -9999 -9999 -9999 -9999 -9999 -9999 -9999 -9999 -9999 -9999 -9999 -9999 -9999 2691.41 2679.78 2670.35 2658.14 2644.44 2630.89 2619.74 2605.89 2594.78 2581.73 2569.44 2526.44 2531.48 2509.16 2487.29 2458.66 2437.43 2409.78 2392.92 2370.98 2348.36 2322.16 2301.91 2281.24 2256.04 2234.19 2212.22 2192.82 -9999 -9999 -9999 -9999 -9999 -9999 -9999 -9999 -9999 -9999 -9999 -9999 -9999 -9999 -9999 -9999 -9999 -9999 -9999 -9999
-9999 -9999 -9999 -9999 -9999 -9999 -9999 -9999 -9999 -9999 -9999 -9999 -9999 -9999 -9999 -9999 -9999 -9999 -9999 2679.03 2666.05 2654.32 2643.8 2632.27 2618.39 2607.33 2593.28 2581.69 2567.46 2553.68 2536.28 2520.97 2504.95 2485.52 2463.98 2445.2 2421.8 2398.92 2370.67 2359.49 2337.49 2315.35 2291.8 2264.36 2240.8 2216.5 2195.34 2178.99 -9999 -9999 -9999 -9999 -9999 -9999 -9999 -9999 -9999 -9999 -9999 -9999 -9999 -9999 -9999 -9999 -9999 -9999 -9999
-9999 -9999 -9999 -9999 -9999 -9999 -9999 -9999 -9999 -9999 -9999 -9999 -9999 -9999 -9999 -9999 -9999 -9999 2683.26 2669.09 2654.37 2641.28 2629.68 2618.81 2605.98 2595.83 2583.42 2569.7 2555.59 2544.08 2529.48 2516.5 2500.86 2482.9 2459.93 2439 2417.74 2401.1 2374.71 2351.13 2330.69 2310 2291.01 2274.72 2254.73 2234.56 2207.7 2186.49 2167.37 -9999 -9999 -9999 -9999 -9999 -9999 -9999 -9999 -9999 -9999 -9999 -9999 -9999 -9999 -9999 -9999 -9999 -9999
-9999 -9999 -9999 -9999 -9999 -9999 -9999 -9999 -9999 -9999 -9999 -9999 -9999 -9999 -9999 -9999 -9999 2686.02 2672.79 2659.18 2643.97 2629.75 2614.95 2604.44 2590.63 2583.48 2566.76 2552.3 2538.77 2537.47 2528.41 2515.41 2498.59 2484 2465.11 2443.91 2421.1 2399.14 2374.93 2358.28 2342.48 2321.3 2290.47 2268.54 2246.31 2226.57 2211.15 2191.49 2174.21 2155.7 2136.23 -9999 -9999 -9999 -9999 -9999 -9999 -9999 -9999 -9999 -9999 -9999 -9999 -9999 -9999 -9999 -9999
-9999 -9999 -9999 -9999 -9999 -9999 -9999 -9999 -9999 -9999 -9999 -9999 -9999 -9999 -9999 -9999 2679.46 2679.05 2664.17 2648.6 2634.89 2620.14 2604.99 2589.69 2577.51 2565.98 2556.06 2540.83 2524.18 2517.94 2518.73 2505.9 2490.6 2472.86 2448.92 2433.08 2414.16 2397.79 2380.68 2360.4 2336.74 2313.15 2291.84 2269.92 2250.08 2229.86 2210.07 2193.44 2170.22 2154.38 2137.37 2121.88 2100.43 -9999 -9999 -9999 -9999 -9999 -9999 -9999 -9999 -9999 -9999 -9999 -9999 -9999 -9999
-9999 -9999 -9999 -9999 -9999 -9999 -9999 -9999 -9999 -9999 -9999 -9999 -9999 -9999 -9999 2682.09 2681.93 2666.22 2652.47 2639.62 2623.21 2606.73 2594.4 2579.08 2562.21 2548.68 2534.89 2523.51 2507.86 2501.57 2496.12 2498.72 2477.61 2454.84 2431.9 2412.21 2396.24 2382.79 2361.63 2332.83 2314.73 2296.64 2274.45 2256.31 2236.16 2219.27 2201.37 2188.41 2173.66 2152.24 2132.56 2115.96 2096 2080.27 2063.27 -9999 -9999 -9999 -9999 -9999 -9999 -9999 -9999 -9999 -9999 -9999 -9999
-9999 -9999 -9999 -9999 -9999 -9999 -9999 -9999 -9999 -9999 -9999 -9999 -9999 -9999 2688 2677.88 2667.57 2655.69 2638.97 2628.25 2614.93 2600.44 2581.23 2567.97 2552.25 2538.74 2521.88 2505.24 2490.25 2486.45 2484.05 2472.83 2457.35 2435.85 2414.46 2398.44 2380.62 2359.7 2336.88 2316.49 2296.61 2277.26 2260.5 2244.15 2227.93 2209.77 2193.24 2178.95 2161.66 2144.63 2127.03 2109.63 2092.54 2078.47 2062.9 2049.74 2036.53 2024.32 -9999 -9999 -9999 -9999 -9999 -9999 -9999 -9999 -9999
-9999 -9999 -9999 -9999 -9999 -9999 -9999 -9999 -9999 -9999 -9999 -9999 -9999 2665.41 2678.69 2664.57 2651.49 2641.66 2627.34 2614.97 2604.36 2591.13 2570.53 2555.3 2541.01 2524.76 2501.65 2480.21 2471.78 2469.04 2470.99 2459.54 2442 2421.03 2401.71 2384.71 2367.89 2349.36 2326.75 2306.82 2285.07 2267.7 2248.61 2232.27 2219.04 2204.48 2186.06 2171.23 2154.47 2138.72 2121.81 2107.51 2091.84 2078.48 2063.74 2050.64 2036.95 2025.8 2014.74 -9999 -9999 -9999 -9999 -9999 -9999 -9999 -9999
-9999 -9999 -9999 -9999 -9999 -9999 -9999 -9999 -9999 -9999 -9999 -9999 -9999 2668.95 2675.07 2656.57 2640.89 2628.58 2616.32 2603.83 2591.84 2582.42 2566.41 2546.75 2529.03 2510.68 2492.02 2471.01 2456.84 2452.38 2453.55 2447.58 2427.46 2407.99 2390.34 2373.82 2358.17 2337.1 2315.64 2295.96 2276.05 2258.42 2242.23 2226.88 2209.91 2194.49 2180.6 2165.72 2149.99 2135.57 2118.87 2103.22 2088.95 2072.23 2060.02 2048.14 2035.66 2026.31 2015.01 2005.03 -9999 -9999 -9999 -9999 -9999 -9999 -9999
-9999 -9999 -9999 -9999 -9999 -9999 -9999 -9999 -9999 -9999 -9999 -9999 -9999 2637.67 2658.17 2639.09 2623.97 2612.53 2602.54 2592.28 2580.94 2567.2 2554.48 2540.11 2522.48 2503.08 2481.08 2459.74 2442.68 2435.52 2433.95 2431.66 2416.39 2398.56 2380.09 2364.41 2348.01 2329.4 2303.46 2287.07 2271.05 2255.53 2239.39 2223.71 2208.91 2196.63 2181.85 2168.12 2156.04 2159.74 2139.41 2124.19 2100.92 2075.48 2058.89 2048.38 2036.14 2025.41 2014.31 2004.42 1993.18 -9999 -9999 -9999 -9999 -9999 -9999
-9999 -9999 -9999 -9999 -9999 -9999 -9999 -9999 -9999 -9999 -9999 -9999 2609.6 2610.85 2625.38 2626.38 2611.52 2599.92 2588.68 2579.9 2570.4 2555.7 2539.53 2529.36 2514.47 2493.36 2469.03 2448.4 2428.43 2422.31 2415.81 2414.52 2406.27 2391.49 2374.22 2358.52 2341.01 2323.78 2308.65 2293.75 2277.82 2263.7 2248.27 2234.41 2222.93 2217.54 2207.39 2189.82 2169.55 2150.29 2134.38 2114.3 2095.77 2078.95 2062.3 2049.19 2035.32 2023.29 2011.03 2001.12 1990.73 1981.1 -9999 -9999 -9999 -9999 -9999
-9999 -9999 -9999 -9999 -9999 -9999 -9999 -9999 -9999 -9999 -9999 -9999 -9999 2585 2602.41 2617.6 2599.38 2587.1 2575.45 2566.94 2555.34 2545.6 2532.94 2509.45 2494.66 2479.78 2453.12 2432.97 2415.2 2408.88 2399.51 2395.72 2391.9 2379.32 2368.35 2359.62 2354.08 2337.47 2320.78 2304.86 2289.54 2280.19 2265.14 2256.38 2245.65 2225.15 2203.06 2184.58 2163.67 2146.19 2127.15 2111.11 2099.02 2089.09 2072.73 2052.2 2037.28 2023.86 2010.52 1998.53 1987.46 1978.73 1968.34 1959.68 1950.32 1942.19 1933.12
-9999 -9999 -9999 -9999 -9999 -9999 -9999 -9999 -9999 -9999 -9999 -9999 -9999 2583.2 2616.07 2607.79 2590.2 2574.91 2562.88 2552.41 2539.52 2529.97 2517.3 2506.14 2466.67 2461.85 2439.21 2421.38 2402.78 2395.9 2387.9 2379.96 2378.63 2368.54 2357.9 2351.37 2350.7 2347.12 2334.55 2319.22 2307 2298.34 2284.08 2265.87 2242.51 2221.26 2199.48 2183.22 2160.59 2144.07 2128.31 2118.29 2106.75 2094.64 2075.84 2058.03 2042.94 2025.65 2009.94 1995.05 1983.99 1975.09 1965.61 1957.77 1949.3 1941.92 1934.57
-9999 -9999 -9999 -9999 -9999 -9999 -9999 -9999 -9999 -9999 -9999 -9999 -9999 2611.94 2636.81 2613.04 2588.01 2563.95 2548.83 2536.07 2524.87 2515.33 2501.16 2487.57 2468.38 2439.42 2424.69 2408.34 2391.09 2382.05 2374.88 2366.37 2358.56 2356.15 2345.12 2339.06 2339.48 2336.98 2328.61 2317.17 2301.95 2286.73 2269.69 2251.01 2232.77 2216.17 2198.73 2181.71 2162.24 2143.78 2127.46 2112.44 2100.59 2089.72 2075.69 2062.53 2048.8 2030.77 2013.23 1999.84 1988.11 1978.6 1968.35 1959.65 1950.25 1941.88 1933.63
-9999 -9999 -9999 -9999 -9999 -9999 -9999 -9999 -9999 -9999 -9999 -9999 -9999 2623.89 2632.44 2613.26 2582.35 2555.34 2538.54 2525.41 2512.69 2503.78 2490.46 2475.8 2459.1 2438.35 2412.96 2398.87 2383.28 2371.38 2362.48 2355.61 2344.68 2337.62 2332.73 2323.73 2320.25 2317.69 2309.92 2299.97 2288.32 2274.91 2257.65 2241.74 2224.58 2210.17 2194.16 2177.33 2157.45 2136.47 2123.67 2112.77 2098.53 2086.42 2071.32 2058.37 2044.58 2031.93 2016.56 2004.18 1991.87 1981.31 1972.64 1962.11 1952.6 1943.74 1933.3
-9999 -9999 -9999 -9999 -9999 -9999 -9999 -9999 -9999 -9999 -9999 -9999 -9999 2635.76 2624.39 2603.95 2581.06 2558.93 2529.38 2514.83 2500.64 2488.52 2477.54 2466.59 2447.67 2432.7 2410.03 2389.05 2374.68 2360.9 2350 2342.43 2332.93 2324.5 2314.63 2307.11 2302.81 2298.89 2291.11 2282.81 2270.05 2260.68 2244.87 2230.47 2214.53 2200.54 2183.07 2166.32 2148.52 2134.2 2120.21 2109.1 2096.7 2085.89 2072.32 2060.22 2045.59 2032.43 2019.32 2006.89 1994.43 1983.1 1972.72 1963.88 1952.34 1945.39 1936.17
-9999 -9999 -9999 -9999 -9999 -9999 -9999 -9999 -9999 -9999 -9999 -9999 -9999 2636.23 2613.37 2592.78 2571.06 2550.22 2523.17 2508.7 2493.48 2477.7 2461.75 2448.52 2443.53 2427.99 2403.56 2381.89 2365.63 2353.75 2341.3 2331.17 2321.43 2314.08 2304.68 2294.82 2288.11 2283.74 2274.77 2268.2 2258.18 2249.27 2237.28 2223.42 2209.74 2193.2 2176.57 2162.35 2147.15 2132.83 2119.45 2108.96 2098.4 2087.44 2073.16 2058.39 2044.09 2032.43 2019.4 2006.34 1994.54 1983.65 1972.86 1964.34 1955.91 1947.78 1937.79
-9999 -9999 -9999 -9999 -9999 -9999 -9999 -9999 -9999 -9999 -9999 -9999 -9999 2629.68 2607.24 2584.33 2555.78 2537.25 2520 2504.66 2484.69 2462.17 2445.29 2432.27 2425.25 2418.72 2401.98 2382.33 2358.91 2344.5 2333.19 2322.73 2311.29 2302.26 2293.36 2285.79 2275.37 2270.37 2260.47 2252.66 2243.79 2235.05 2224.94 2215.61 2206.45 2192.47 2173.57 2158.52 2145.76 2133.28 2118.62 2105.05 2094.34 2085.3 2069.95 2056.19 2042.99 2032.02 2018.98 2006.1 1994.76 1983.53 1973.99 1966.62 1956.15 1946.15 1936.47
-9999 -9999 -9999 -9999 -9999 -9999 -9999 -9999 -9999 -9999 -9999 -9999 2629.47 2614.82 2596.3 2573.66 2550.99 2532.46 2512.25 2491.12 2467.56 2449 2435.47 2421.55 2405.77 2396.8 2391.8 2369.85 2349.81 2336.33 2323.8 2314.21 2304.71 2294.44 2284.67 2276.54 2267.09 2257.8 2248 2240.4 2232.42 2223.59 2213.92 2205.04 2195.69 2191.22 2181.01 2167.81 2150.51 2134.67 2119.94 2105.4 2091.33 2078.72 2067 2053.48 2042.8 2032.22 2020.18 2007.78 1994.15 1981.36 1971.17 1968.24 1955.58 1946.71 1937.44
