examples/project_one/data.txt
ncols         103
nrows         117
xllcorner     592989
yllcorner     125705.5
cellsize      25
NODATA_value  -9999
[rows 60 to 89 of 117, columns 0 to 66 of 103]
-9999 -9999 -9999 -9999 2446.39 2464.85 2474.21 2474.35 2467.3 2456.38 2441.18 2426.96 2410.83 2398.59 2382.04 2361.72 2341.71 2323.74 2303.06 2287.23 2272.18 2258.21 2238.1 2219.94 2215.62 2204 2189.16 2173.22 2152.77 2134.9 2124.12 2115.43 2100.07 2092.59 2071.65 2050.98 2028.13 2009.22 1991.48 1979.01 1965.2 1954.32 1947.64 1942.54 1936.72 1921.8 1905.52 1892.65 1879.25 1866.12 1851.62 1836.14 1822.86 1810.3 1795.26 1784.41 1769.05 1757.21 1746.98 1737.87 1728.03 1719.78 1710.06 1701.84 1692.96 1685.01 1675.69
-9999 -9999 -9999 -9999 2465.2 2458.68 2471.58 2463.33 2455.03 2446.24 2434.11 2421.01 2405.91 2391.22 2376.8 2363.89 2344.42 2328.04 2309.81 2293.45 2275.07 2258.48 2238.72 2214.45 2194.95 2181.35 2176.94 2163.46 2147.68 2128.81 2110.67 2102.64 2089 2074.5 2062.5 2045.14 2023.62 2006.65 1988.27 1972.78 1957.79 1945.94 1932.31 1926.12 1920.33 1919.55 1904.4 1889.49 1874.84 1861.75 1849.13 1835.94 1822.69 1809.58 1796.13 1784.74 1771.62 1759.66 1746.5 1737.41 1727.48 1717.4 1707.92 1699.34 1689.05 1681.11 1670.06
-9999 -9999 -9999 2418.15 2442.95 2442.65 2459.17 2449.42 2440.77 2430.24 2416.24 2404.89 2399.35 2385.39 2369.73 2352.77 2343.8 2329.99 2312.84 2294.5 2274.93 2255.07 2229.71 2214.73 2191.73 2170.58 2149.76 2141.21 2134.11 2124.36 2105.5 2089.08 2079.91 2067.82 2052.64 2037.73 2021.92 2006.88 1988.55 1972.86 1956.65 1941.43 1925.17 1912.08 1903.68 1901.14 1902.07 1889.56 1872.14 1858.4 1845.61 1835.45 1822.23 1810.22 1796.35 1782.82 1772.35 1762.99 1751.48 1741.36 1728.99 1718.35 1707.56 1698.63 1689.15 1680.72 1668.56
-9999 -9999 -9999 2402.97 2423.34 2440.45 2446.57 2438.16 2427.91 2418.48 2401.9 2385.47 2375.49 2377.79 2359.85 2341.12 2330.75 2318.79 2297.15 2285.61 2263.25 2245.33 2230.88 2206.52 2184.37 2165.28 2145.52 2126.53 2107.56 2108.37 2099.19 2082.65 2068.88 2059.16 2045.02 2032.77 2020 2006.1 1991.01 1975.43 1957.24 1942.69 1925.46 1909.48 1893.52 1883.87 1880.39 1878.35 1867.8 1855.31 1844.65 1835.44 1823.37 1812.42 1799.5 1787.08 1774.37 1761.98 1754.62 1747.18 1734.48 1721.57 1710.49 1700.14 1691.2 1679.19 1667.81
-9999 -9999 2383.35 2400.68 2419.39 2445.33 2435.26 2426.12 2415.8 2406.82 2390.4 2372.77 2358.65 2342.1 2344.2 2329.88 2307.66 2290.43 2284.17 2265.3 2248.89 2229.47 2210.9 2204.78 2186.05 2166.57 2145.6 2127.31 2108.32 2092.62 2078.77 2071.17 2058.04 2047.84 2037.38 2025.29 2012.48 2000.62 1987.82 1977.1 1961.92 1947.47 1930.31 1914.56 1897.36 1880.87 1863.06 1853.92 1851.13 1845.25 1835.3 1826.96 1823.61 1814.67 1801.28 1788.6 1776.79 1768.43 1756.27 1746.11 1734.63 1725.5 1716.2 1709.95 1699.21 1685.32 1670.27
-9999 -9999 2371.07 2389.09 2410.42 2428.34 2424.22 2415.67 2404.38 2389.98 2373.78 2361.72 2342.6 2326.01 2309.14 2318.17 2296.69 2275.33 2255.2 2242.48 2235.17 2224.3 2203.8 2183.11 2170.79 2155.78 2146.01 2131.96 2110.51 2091.93 2074.54 2062.85 2046.48 2040.02 2028.73 2018.11 2005.31 1992.61 1980.28 1969.07 1958.98 1948.79 1938.39 1918.73 1899.85 1882.12 1862.6 1847.89 1833.78 1828.85 1820.59 1809.34 1805.17 1803.94 1799.48 1789.25 1776.95 1768.36 1754.01 1742.67 1735.36 1725.25 1716.33 1710.99 1699.39 1684.09 1670.01
-9999 -9999 2364.72 2393.03 2394.11 2408.26 2404.27 2403.42 2385.21 2368.55 2348.43 2337.2 2331.8 2315.41 2297.83 2280.25 2270.9 2268.75 2244.05 2228.44 2215.66 2214.09 2204.59 2185.01 2164.32 2141.46 2127.03 2117.25 2114.63 2092.25 2071.35 2055.49 2043.68 2026.81 2019.33 2009.96 1997.17 1987.68 1973.76 1961.83 1950.84 1940.48 1930.24 1917.6 1899.45 1881.14 1862.02 1845.58 1829.82 1817.63 1806.58 1796.21 1787.01 1786.36 1784.71 1786.95 1779.25 1769.99 1754.59 1743.04 1734.52 1725.4 1714.55 1709.84 1697.42 1687.72 1677.03
-9999 2345.77 2382.84 2377.87 2375.87 2385.61 2382.52 2391.47 2373.68 2358.79 2339.99 2321.15 2312.32 2303.06 2286.67 2275.7 2254.3 2249.61 2241.33 2225.06 2203.78 2191.44 2188.9 2180.05 2158.76 2136.01 2116.24 2104.1 2094.85 2083.55 2063.12 2048 2034.3 2025.02 2008.9 2001.59 1990.87 1980.27 1968.34 1956.52 1943.05 1932.61 1922.84 1911.68 1895.82 1879.6 1863.25 1847.26 1830.83 1818.56 1803.37 1790.28 1779.49 1770.58 1767.23 1767.79 1765.55 1766.24 1753.28 1745.05 1733.87 1722.34 1709.36 1701.67 1694.4 1683.53 1670.6
-9999 2341.64 2365.96 2359.29 2358.88 2363.94 2361.22 2376.95 2359.35 2341.88 2325.98 2311.97 2292.03 2277.73 2263.57 2254.02 2251.04 2235.9 2224.61 2213.32 2199.46 2181.43 2166.36 2161.21 2143.59 2123.43 2106.49 2094.04 2082.11 2069.87 2057.62 2043.03 2027.27 2015.4 2005.16 1995.5 1983.75 1972.31 1961.87 1948.81 1937.57 1925.11 1912.38 1906.41 1901.34 1885.43 1868.78 1853.48 1840.39 1824.26 1808.59 1796.03 1775.48 1761.55 1752.09 1747.3 1744.48 1745.33 1744.28 1736.61 1726.36 1715 1704.04 1699.53 1688.48 1676.02 1667.71
-9999 2330.57 2339.03 2340.28 2340.5 2347.48 2345.33 2357.95 2336.67 2319.37 2303.96 2289.01 2275.23 2258.61 2249 2236.83 2234.59 2220.84 2204.73 2197.25 2185.27 2175.1 2156.83 2142.46 2130.86 2114.62 2098.75 2083.6 2070.75 2060.51 2050.81 2041.7 2026.85 2009.98 1998.89 1987.96 1977.14 1967.37 1954.99 1944.74 1930.69 1920.04 1903.61 1892.53 1889.51 1882.1 1869.9 1863.67 1844.51 1827.86 1809.92 1795.23 1777.89 1760.96 1745.71 1735.64 1727.89 1726.62 1726.53 1722.09 1713.37 1704.8 1697.23 1692.72 1682.2 1672.09 1663.83
2311.1 2307.39 2314.21 2313.42 2322.23 2325.73 2327.72 2340.4 2322 2305 2287.89 2270.51 2253.35 2245.34 2230.4 2220.98 2211.32 2202.08 2190.77 2179.74 2170.13 2158.14 2146.8 2133.96 2118.85 2107.39 2090.83 2076.32 2061.19 2048.62 2039.21 2031.15 2019.97 2005.9 1991.91 1979 1968.24 1959.27 1947.69 1937.3 1926.36 1914.98 1901.39 1887.71 1873.62 1868.32 1863.03 1853.51 1844.41 1828.9 1810.75 1794.06 1778.33 1768.15 1750.55 1733.2 1718.75 1710.05 1707.41 1705.67 1699.57 1694.69 1693.78 1685.03 1677.7 1671.56 1660.14
2291.73 2293.11 2290.74 2297.93 2307.01 2304.34 2312.16 2321.35 2303.53 2287.08 2269.7 2252.82 2235.5 2225.27 2211.83 2201.75 2197.83 2186.93 2178.86 2169.44 2154.54 2146.86 2133.2 2123.88 2109.6 2096.53 2083.52 2070.06 2054.63 2041.82 2028.14 2021.6 2010.41 1999.79 1986.06 1973.46 1960.35 1949.96 1940.81 1930.78 1918.18 1908.26 1895.98 1885.39 1871.96 1855.62 1845.06 1843.93 1835.31 1826.78 1817.84 1803.6 1787.45 1770.67 1750.03 1733.5 1718.32 1704.77 1693.13 1689.46 1689.13 1687.96 1688.17 1684.35 1676.24 1669.45 1661.03
2272.32 2268.76 2272.31 2278.34 2287.5 2285.03 2296.67 2307.24 2286.88 2260.32 2240.86 2226.89 2217.89 2204.83 2191.57 2180.37 2179.41 2172.85 2164.01 2155.64 2145.1 2134.59 2121.78 2109.62 2097.93 2086.75 2073.36 2060.24 2048.92 2034.75 2021.14 2010 2000.66 1990.19 1979.18 1967.96 1952.26 1939.47 1930.3 1922.26 1911.61 1901.12 1890.53 1880.22 1868.02 1855.98 1841.5 1825.39 1819.26 1815.9 1811.68 1803.81 1783.02 1765.55 1745.95 1732.68 1717.8 1703.2 1687.69 1678.83 1674.11 1674.92 1675.63 1677.51 1671.61 1660.37 1648.22
-9999 2247.78 2253.26 2254.31 2268.23 2267.66 2284.14 2291.02 2270.64 2245.76 2222.85 2206.34 2197.78 2187.31 2173.13 2165.7 2162.29 2157.65 2149.95 2141.96 2132.42 2123.62 2113.21 2101.2 2084.81 2075.64 2063.13 2051.82 2040.44 2029.15 2015.23 2003.37 1989.96 1982.71 1971.44 1960.93 1946.94 1932.81 1921.98 1912.87 1903.36 1894.26 1884.11 1873.26 1862.89 1852.3 1839.77 1828.23 1812.18 1798.85 1794.68 1790.05 1784.56 1767.91 1750.09 1735.59 1719.56 1703.93 1684.61 1674.7 1663.54 1656.02 1656.14 1663.24 1664.39 1648.74 1631.83
-9999 2219.11 2235.85 2233.89 2245.99 2250.35 2267.32 2285.36 2255.15 2231.46 2208.72 2192.83 2174.94 2167.71 2161.47 2150.04 2143.76 2138.48 2133.73 2127.33 2120.05 2109.83 2101.53 2091.68 2078.41 2062.81 2050.43 2040.97 2029.97 2020.43 2008.13 1996.48 1984.15 1970.88 1963.62 1953.17 1941.79 1929.17 1917.37 1903.49 1893.27 1885.33 1875.15 1865.97 1855.13 1845.39 1835.96 1826.47 1816.8 1804.06 1789.25 1772.3 1769.85 1763.44 1755.61 1745.7 1726.4 1708.39 1691.77 1681.49 1665.76 1649.68 1640.69 1641.67 1649.97 1634.65 1619.94
-9999 2197.82 2211.69 2215.7 2220.21 2237.36 2267.14 2268.71 2246.42 2221.45 2205.04 2180.34 2161.92 2149.83 2140.49 2135.83 2128.75 2123.11 2116.16 2111.39 2108.5 2100.6 2087.61 2081.76 2070.11 2058.46 2044.04 2028.26 2018.49 2009.96 2000.54 1990.15 1977.5 1965.84 1953.23 1945.79 1933.57 1922.94 1909.38 1895.71 1884.57 1876.11 1866.54 1857.84 1847.51 1839.93 1831.19 1823.62 1814.43 1806.35 1786.9 1770.73 1755.45 1748.51 1739.59 1735.79 1721.77 1713.29 1700.42 1683.11 1664.32 1647.03 1633.68 1625.71 1631.31 1620.51 1609.6
-9999 2176.33 2184.46 2190.37 2210.54 2237.42 2256.76 2245.92 2233.72 2212.91 2189.11 2168.15 2148.34 2132.73 2124.83 2118.22 2116.12 2106.47 2098.54 2094.37 2091.92 2087.29 2076.73 2068.52 2059.98 2048.88 2037.28 2025.29 2011.76 1997.29 1988.66 1981.24 1968.78 1957.26 1946.82 1936.53 1926.94 1915.6 1902.74 1889.69 1876.18 1865.7 1855.81 1846.95 1838.9 1832.22 1824.8 1816.6 1808.12 1801.71 1792.98 1779.44 1761.57 1747.48 1734.05 1718.78 1706.08 1691.59 1683.16 1672.56 1662.04 1645.31 1627.18 1619.13 1610.7 1609.14 1599.63
-9999 -9999 2160.03 2181.31 2210.14 2232.05 2230.99 2222.97 2208.92 2191.63 2169.13 2150.15 2134.97 2119.67 2109.43 2103.04 2100.42 2092.4 2083.29 2078.12 2076.42 2074.69 2064.25 2055.92 2048.7 2039.6 2027.41 2017.83 2005.91 1993.68 1978.19 1971.07 1959.74 1946.56 1936.93 1927.26 1917.93 1909.07 1896.68 1885.12 1872.6 1860.39 1846.95 1835.93 1828.63 1823.87 1817.09 1810.37 1798.86 1793.05 1785.89 1778.83 1770.51 1755.65 1742.02 1728.91 1715.44 1693.98 1677.52 1664.38 1649.76 1633.86 1618.84 1611.22 1603.62 1595.77 1589.1
-9999 -9999 2165.73 2192.42 2215.31 2234.09 2215.37 2200.58 2181.3 2174.52 2147.35 2127.05 2114.93 2104.66 2091.87 2086.56 2080.75 2078.75 2067.49 2061.39 2055.82 2055.83 2051.71 2043.56 2036.84 2028.12 2017.29 2006.43 1996.37 1986.32 1973.79 1958.93 1950.36 1939.45 1927.77 1918.71 1909.53 1899.31 1889.49 1878.95 1867.5 1855.94 1843.59 1831.43 1821.76 1815.32 1810.94 1800.37 1790.6 1785.19 1777.84 1769.16 1762.27 1757.33 1748.86 1735.63 1724.54 1710.62 1690.09 1668.78 1652.36 1640.59 1623.8 1610.52 1597.78 1587.93 1580.04
-9999 -9999 2172.47 2199.37 2221.18 2221.84 2201.31 2182.94 2166.93 2157.36 2138.21 2116.79 2095.44 2085.43 2074.82 2071.68 2064.4 2061.12 2053.66 2046.76 2040.76 2037.07 2034.98 2031.43 2025.77 2017.51 2007.34 1997.5 1986.48 1976.56 1964.59 1952.25 1938.48 1930.93 1918.99 1909.83 1900.06 1890.41 1881.35 1871.56 1861.08 1850.85 1838.59 1827.01 1817.66 1811.24 1805.08 1795.27 1787.66 1776.8 1765.21 1759.84 1755.15 1754.45 1753.51 1743.27 1724.3 1712.77 1699.68 1678.01 1667.75 1649.38 1633.66 1613.43 1596.99 1586.36 1572.7
-9999 -9999 2179.55 2211.68 2224.32 2206.07 2189.04 2169.54 2149.44 2131.45 2121.1 2099.5 2075.34 2063.11 2055.45 2054.39 2049.05 2044.06 2038.32 2032.27 2024.64 2019.95 2015.87 2012.32 2011.39 2007.12 1997.14 1985.07 1974.82 1965.97 1955.5 1947.18 1932.5 1920.15 1910.21 1900.16 1890.63 1883.49 1871.73 1863.93 1853.39 1843.49 1832.8 1823.51 1815.93 1810.38 1803.64 1794.15 1781.68 1772.51 1758.2 1754.02 1747.72 1749.11 1751.11 1743.22 1727.86 1714.48 1701.74 1688.34 1672.95 1656.26 1636.38 1620.45 1603.85 1591.19 1575.7
-9999 -9999 2190.74 2219.1 2204.49 2187.94 2169.1 2151.56 2134.33 2115.12 2097.32 2078.46 2055.99 2047.25 2040.16 2039.03 2034.44 2029.2 2023.91 2019.06 2012.3 2005.85 1999.76 1998.94 1994.57 1996.54 1987.8 1978.81 1965.87 1956.1 1945.81 1936.69 1926.37 1915.37 1903.07 1893.32 1881.81 1873.22 1865.13 1856.45 1847.8 1840.88 1829.77 1822.08 1815.58 1809.5 1800.51 1791.29 1778.17 1765.06 1748.86 1746.22 1742.11 1739.67 1738.2 1736.51 1724.53 1721 1711.96 1700.33 1679.81 1659.64 1644.11 1628.66 1616.53 1601.83 1594.66
-9999 -9999 2193.28 2187.25 2170.42 2165.57 2148.09 2132.11 2107.72 2093.75 2074.24 2060.23 2037.72 2031.53 2027.06 2022.67 2017.85 2012.97 2008.11 2003.85 1998.32 1992.16 1986.59 1983.94 1984.13 1977.9 1977.18 1970.05 1958.78 1948.75 1938.08 1927.97 1916.98 1906.87 1894.23 1883.96 1875.04 1865.62 1857.16 1849.63 1840.52 1833.52 1826.25 1818.94 1813.21 1807.28 1797.38 1784.55 1769.98 1756.52 1747.9 1741.31 1737.3 1737.17 1734.54 1730.49 1719.16 1714.61 1709.42 1700.64 1685.54 1670.4 1657.1 1645.18 1621.71 1603.95 1586.38
-9999 -9999 2188.11 2171.87 2157.89 2143.77 2129.23 2110.39 2096.82 2079.38 2061.89 2043.99 2038.29 -9999 -9999 -9999 -9999 1998.39 1993.3 1988.91 1985.07 1979.97 1973.77 1968.98 1970.43 1963.06 1965.69 1961.15 1952.14 1941.61 1931.52 1921.82 1910.97 1901.23 1888.79 1877.21 1866.19 1859.88 1851.57 1842.21 1834.83 1829.23 1822.67 1816.51 1811.95 1804.27 1789.49 1775.7 1766.24 1757.85 1752.39 1747.32 1740.53 1738.52 1734.27 1729.15 1715.96 1700.95 1693.53 1688.7 1684.46 1670.61 1653.54 1644.6 1624.89 1608 1586.79
-9999 -9999 -9999 2164.68 2143.25 2120.21 2107.17 2090.15 2073.08 2055.24 -9999 -9999 -9999 -9999 -9999 -9999 -9999 -9999 -9999 1972.64 1970.6 1965.62 1960.69 1954.93 1954.08 1953.46 1949 1952.41 1943.93 1936.1 1925.73 1916.74 1907.11 1896.83 1884.45 1872.04 1861.46 1850.26 1843.07 1836.48 1829.6 1824.93 1820.55 1815.71 1810.43 1799.17 1782.43 1771.43 1763.6 1760.18 1756.22 1752.49 1747.55 1743.55 1735.42 1727.87 1710.84 1692.84 1685.73 1683.41 1674.97 1665.42 1649.42 1639.29 1622.85 1607.43 1590.34
-9999 -9999 -9999 -9999 -9999 2110.13 2090.33 2077.53 -9999 -9999 -9999 -9999 -9999 -9999 -9999 -9999 -9999 -9999 -9999 -9999 1956.69 1951.97 1947.89 1942.27 1939.16 1939.65 1937.77 1938.69 1936.02 1929.06 1919.92 1911.49 1901.44 1891.14 1882.48 1870.95 1860.28 1848.23 1837.44 1832.01 1826.43 1822.23 1819.71 1816.65 1808.2 1796.02 1778.74 1770.77 1765.16 1760.77 1757.03 1752.52 1750.2 1743.11 1735.81 1723.97 1705.38 1691.74 1684.51 1682.3 1667.13 1653.93 1639.43 1630.36 1616.58 1601.26 1581.24
-9999 -9999 -9999 -9999 -9999 -9999 -9999 -9999 -9999 -9999 -9999 -9999 -9999 -9999 -9999 -9999 -9999 -9999 -9999 -9999 -9999 1937.41 1932.55 1929.37 1923.59 1923.71 1925.09 1921.93 1928.21 1921.91 1914.79 1907.04 1897.28 1888.21 1880.14 1870.71 1858.78 1847.28 1834.04 1828.32 1824.65 1822.28 1819.75 1812.74 1800.76 1789.16 1779.68 1771.42 1767.99 1767.02 1761.5 1754.94 1749.98 1743.59 1731.8 1721.37 1703.39 1693.51 1684.52 1669.86 1654.57 1643.64 1632.32 1618.51 1606.21 1599.22 1597.75
-9999 -9999 -9999 -9999 -9999 -9999 -9999 -9999 -9999 -9999 -9999 -9999 -9999 -9999 -9999 -9999 -9999 -9999 -9999 -9999 -9999 -9999 1921.14 1915.88 1912.54 1909.46 1912.2 1915.24 1918.02 1916.89 1909.58 1902.83 1894.03 1884.45 1878 1867.57 1856.68 1845.29 1836.05 1831.1 1826.75 1823.71 1817.96 1806.73 1796.6 1787.59 1778.42 1771.8 1771.6 1770.64 1762.77 1760.44 1749 1739.43 1729.16 1720.17 1703.36 1687.44 1673.04 1656.06 1639.56 1631.36 1623.26 1617.75 1617.88 1618.4 1617.41
-9999 -9999 -9999 -9999 -9999 -9999 -9999 -9999 -9999 -9999 -9999 -9999 -9999 -9999 -9999 -9999 -9999 -9999 -9999 -9999 -9999 -9999 -9999 1903.45 1900.15 1896.44 1897.13 1897.01 1901.66 1912.43 1905.24 1897.47 1888.21 1879.5 1871.47 1863.37 1852.83 1844.88 1840.8 1836.09 1830.25 1824.5 1812.68 1802.8 1796.35 1785.41 1776.39 1775 1772.46 1770.67 1769.08 1753.67 1737.91 1727.14 1719.39 1713.34 1694.47 1681.14 1663.84 1649.25 1642.72 1639.73 1633.15 1639.17 1639.33 1631.7 1622.77
-9999 -9999 -9999 -9999 -9999 -9999 -9999 -9999 -9999 -9999 -9999 -9999 -9999 -9999 -9999 -9999 -9999 -9999 -9999 -9999 -9999 -9999 -9999 -9999 1886.45 1882.15 1879.9 1881.38 1885.68 1893.43 1900.17 1890.6 1882.8 1875.28 1865.82 1859.66 1852.29 1846.98 1841.22 1835.9 1829.19 1821.63 1811.58 1804.24 1792.97 1782.46 1779.18 1777.47 1776.47 1775.38 1763.56 1750.16 1736.36 1720.19 1711.07 1702.27 1688.93 1673.07 1663.26 1664.83 1663.96 1658.57 1657.06 1653.21 1647.29 1639.5 1624.53
